,k,Principal Components,scores
76,5,"(0, 1, 6, 14, 20, 15, 19, 10, 7, 28, 5, 29, 17, 25, 16)",0.8110478928633157
106,7,"(0, 1, 6, 14, 20, 15, 19, 10, 7, 28, 5, 29, 17, 25, 16)",0.8021853063029575
89,5,"(0, 1, 6, 14, 20, 15, 19, 10, 7, 28, 5, 29, 17, 25, 27)",0.7981681156939635
60,5,"(0, 1, 6, 14, 20, 15, 19, 10, 7, 28, 5, 29, 17, 25, 27)",0.7981681156939635
61,5,"(0, 1, 6, 14, 20, 15, 19, 10, 7, 28, 5, 29, 17, 25, 27)",0.7981681156939635
87,5,"(0, 1, 6, 14, 20, 15, 19, 10, 7, 28, 5, 29, 17, 25, 27)",0.7981681156939635
80,5,"(0, 1, 6, 14, 20, 15, 19, 10, 7, 28, 5, 29, 17, 25, 18)",0.7965233224092568
78,5,"(0, 1, 6, 14, 20, 15, 19, 10, 7, 28, 5, 29, 17, 25, 18)",0.7965233224092568
109,7,"(0, 1, 6, 14, 20, 15, 19, 10, 7, 28, 5, 29, 17, 25, 18)",0.7942031546958381
110,7,"(0, 1, 6, 14, 20, 15, 19, 10, 7, 28, 5, 29, 17, 25, 18)",0.7942031546958381
100,7,"(0, 1, 6, 14, 20, 15, 19, 10, 7, 28, 5, 29, 17, 25, 9)",0.7936357654689316
114,7,"(0, 1, 6, 14, 20, 15, 19, 10, 7, 28, 5, 29, 17, 25, 24)",0.7903132774196406
70,5,"(0, 1, 6, 14, 20, 15, 19, 10, 7, 28, 5, 29, 17, 25, 9)",0.7900689903748257
137,9,"(0, 1, 6, 14, 20, 15, 19, 10, 7, 28, 5, 29, 17, 25, 16)",0.788583290629408
85,5,"(0, 1, 6, 14, 20, 15, 19, 10, 7, 28, 5, 29, 17, 25, 24)",0.7878041403775182
91,7,"(0, 1, 6, 14, 20, 15, 19, 10, 7, 28, 5, 29, 17, 25, 27)",0.7876548529810167
119,7,"(0, 1, 6, 14, 20, 15, 19, 10, 7, 28, 5, 29, 17, 25, 27)",0.7876548529810167
117,7,"(0, 1, 6, 14, 20, 15, 19, 10, 7, 28, 5, 29, 17, 25, 27)",0.7876548529810167
118,7,"(0, 1, 6, 14, 20, 15, 19, 10, 7, 28, 5, 29, 17, 25, 27)",0.7876548529810167
50,3,"(0, 1, 6, 14, 20, 15, 19, 10, 7, 28, 5, 29, 17, 25, 18)",0.7856705123653756
49,3,"(0, 1, 6, 14, 20, 15, 19, 10, 7, 28, 5, 29, 17, 25, 18)",0.7856705123653756
139,9,"(0, 1, 6, 14, 20, 15, 19, 10, 7, 28, 5, 29, 17, 25, 18)",0.7821377622944461
140,9,"(0, 1, 6, 14, 20, 15, 19, 10, 7, 28, 5, 29, 17, 25, 18)",0.7821377622944461
46,3,"(0, 1, 6, 14, 20, 15, 19, 10, 7, 28, 5, 29, 17, 25, 16)",0.7808402933507869
73,5,"(0, 1, 6, 14, 20, 15, 19, 10, 7, 28, 5, 29, 17, 25, 13)",0.7767005695581366
75,5,"(0, 1, 6, 14, 20, 15, 19, 10, 7, 28, 5, 29, 17, 25, 13)",0.7767005695581366
144,9,"(0, 1, 6, 14, 20, 15, 19, 10, 7, 28, 5, 29, 17, 25, 24)",0.7765869929806731
36,3,"(0, 1, 6, 14, 20, 15, 19, 10, 7, 28, 5, 29, 17, 25, 4)",0.7749299156283951
35,3,"(0, 1, 6, 14, 20, 15, 19, 10, 7, 28, 5, 29, 17, 25, 4)",0.7749299156283951
34,3,"(0, 1, 6, 14, 20, 15, 19, 10, 7, 28, 5, 29, 17, 25, 4)",0.7749299156283951
59,3,"(0, 1, 6, 14, 20, 15, 19, 10, 7, 28, 5, 29, 17, 25, 27)",0.7744625439774325
58,3,"(0, 1, 6, 14, 20, 15, 19, 10, 7, 28, 5, 29, 17, 25, 27)",0.7744625439774325
57,3,"(0, 1, 6, 14, 20, 15, 19, 10, 7, 28, 5, 29, 17, 25, 27)",0.7744625439774325
30,3,"(0, 1, 6, 14, 20, 15, 19, 10, 7, 28, 5, 29, 17, 25, 27)",0.7744625439774325
55,3,"(0, 1, 6, 14, 20, 15, 19, 10, 7, 28, 5, 29, 17, 25, 24)",0.7728655534779313
65,5,"(0, 1, 6, 14, 20, 15, 19, 10, 7, 28, 5, 29, 17, 25, 4)",0.7719934052000882
66,5,"(0, 1, 6, 14, 20, 15, 19, 10, 7, 28, 5, 29, 17, 25, 4)",0.7719934052000882
67,5,"(0, 1, 6, 14, 20, 15, 19, 10, 7, 28, 5, 29, 17, 25, 4)",0.7719934052000882
120,9,"(0, 1, 6, 14, 20, 15, 19, 10, 7, 28, 5, 29, 17, 25, 27)",0.771855247847678
147,9,"(0, 1, 6, 14, 20, 15, 19, 10, 7, 28, 5, 29, 17, 25, 27)",0.771855247847678
148,9,"(0, 1, 6, 14, 20, 15, 19, 10, 7, 28, 5, 29, 17, 25, 27)",0.771855247847678
149,9,"(0, 1, 6, 14, 20, 15, 19, 10, 7, 28, 5, 29, 17, 25, 27)",0.771855247847678
130,9,"(0, 1, 6, 14, 20, 15, 19, 10, 7, 28, 5, 29, 17, 25, 9)",0.770588761847155
44,3,"(0, 1, 6, 14, 20, 15, 19, 10, 7, 28, 5, 29, 17, 25, 13)",0.7676078258033125
43,3,"(0, 1, 6, 14, 20, 15, 19, 10, 7, 28, 5, 29, 17, 25, 13)",0.7676078258033125
40,3,"(0, 1, 6, 14, 20, 15, 19, 10, 7, 28, 5, 29, 17, 25, 9)",0.7629053689923757
105,7,"(0, 1, 6, 14, 20, 15, 19, 10, 7, 28, 5, 29, 17, 25, 13)",0.755860747329974
104,7,"(0, 1, 6, 14, 20, 15, 19, 10, 7, 28, 5, 29, 17, 25, 13)",0.755860747329974
134,9,"(0, 1, 6, 14, 20, 15, 19, 10, 7, 28, 5, 29, 17, 25, 13)",0.7399310960949577
133,9,"(0, 1, 6, 14, 20, 15, 19, 10, 7, 28, 5, 29, 17, 25, 13)",0.7399310960949577
96,7,"(0, 1, 6, 14, 20, 15, 19, 10, 7, 28, 5, 29, 17, 25, 4)",0.7345250149341018
95,7,"(0, 1, 6, 14, 20, 15, 19, 10, 7, 28, 5, 29, 17, 25, 4)",0.7345250149341018
94,7,"(0, 1, 6, 14, 20, 15, 19, 10, 7, 28, 5, 29, 17, 25, 4)",0.7345250149341018
125,9,"(0, 1, 6, 14, 20, 15, 19, 10, 7, 28, 5, 29, 17, 25, 4)",0.7248198988982532
126,9,"(0, 1, 6, 14, 20, 15, 19, 10, 7, 28, 5, 29, 17, 25, 4)",0.7248198988982532
127,9,"(0, 1, 6, 14, 20, 15, 19, 10, 7, 28, 5, 29, 17, 25, 4)",0.7248198988982532
25,1,"(0, 1, 6, 14, 20, 15, 19, 10, 7, 28, 5, 29, 17, 25, 24)",0.6991418793019234
9,1,"(0, 1, 6, 14, 20, 15, 19, 10, 7, 28, 5, 29, 17, 25, 9)",0.6701897943789055
28,1,"(0, 1, 6, 14, 20, 15, 19, 10, 7, 28, 5, 29, 17, 25, 27)",0.6549041016214026
29,1,"(0, 1, 6, 14, 20, 15, 19, 10, 7, 28, 5, 29, 17, 25, 27)",0.6549041016214026
17,1,"(0, 1, 6, 14, 20, 15, 19, 10, 7, 28, 5, 29, 17, 25, 16)",0.6472333151016308
14,1,"(0, 1, 6, 14, 20, 15, 19, 10, 7, 28, 5, 29, 17, 25, 13)",0.6428215863322123
15,1,"(0, 1, 6, 14, 20, 15, 19, 10, 7, 28, 5, 29, 17, 25, 13)",0.6428215863322123
6,1,"(0, 1, 6, 14, 20, 15, 19, 10, 7, 28, 5, 29, 17, 25, 4)",0.6412074951400977
5,1,"(0, 1, 6, 14, 20, 15, 19, 10, 7, 28, 5, 29, 17, 25, 4)",0.6412074951400977
4,1,"(0, 1, 6, 14, 20, 15, 19, 10, 7, 28, 5, 29, 17, 25, 4)",0.6412074951400977
20,1,"(0, 1, 6, 14, 20, 15, 19, 10, 7, 28, 5, 29, 17, 25, 18)",0.6335500388160801
19,1,"(0, 1, 6, 14, 20, 15, 19, 10, 7, 28, 5, 29, 17, 25, 18)",0.6335500388160801
0,1,"(0, 1, 6, 14, 20, 15, 19, 10, 7, 28, 5, 29, 17, 16, 27)",0.6138770194380305
