num_hidden_layers,neurons_per_layer,dropout_rate,fitness_scores
2.0,93.0,0.3573950720429822,0.4889295230185919
2.0,93.0,0.19975421731532284,0.4880832458113716
2.0,70.0,0.15968542357927834,0.48200101140425033
6.0,85.0,0.17298116180354806,0.47819116720912386
2.0,75.0,0.1869519485002175,0.4767115821808844
1.0,39.0,0.25891806232171916,0.47540326862679805
2.0,100.0,0.11309953817463136,0.47504958896254446
2.0,69.0,0.19975421731532284,0.4746567473178323
3.0,85.0,0.12316073143079964,0.47456705141435795
5.0,75.0,0.17298116180354806,0.473324725741301
3.0,82.0,0.23204372201091866,0.47240114046801257
3.0,82.0,0.34089661776708285,0.4717656294117356
2.0,85.0,0.014485933029906417,0.47095805727441836
3.0,44.0,0.1869519485002175,0.4707411078086
3.0,101.0,0.3398756843981485,0.469586521070684
3.0,95.0,0.3398756843981485,0.46947594777744817
3.0,97.0,0.3398756843981485,0.4692453229499193
3.0,54.0,0.11309953817463136,0.4691950874022174
2.0,100.0,0.1869519485002175,0.46910201527719986
3.0,87.0,0.19975421731532284,0.46832706653511613
2.0,89.0,0.19975421731532284,0.46832232510153454
2.0,85.0,0.014485933029906417,0.4683165536852605
2.0,89.0,0.2084752465079731,0.4677488084115614
4.0,110.0,0.1869519485002175,0.46734348912181733
2.0,52.0,0.19975421731532284,0.4666814588919852
3.0,101.0,0.11309953817463136,0.46589994254111905
2.0,66.0,0.2084752465079731,0.4654842542972098
2.0,52.0,0.1869519485002175,0.46520199105138377
3.0,85.0,0.1869519485002175,0.46403509994279224
2.0,103.0,0.1869519485002175,0.4638045149896543
4.0,101.0,0.3398756843981485,0.46380017463418266
4.0,88.0,0.1869519485002175,0.4636366370815287
2.0,95.0,0.014485933029906417,0.46336071935262224
2.0,85.0,0.1869519485002175,0.4633233719047484
2.0,54.0,0.11309953817463136,0.4630287509701275
3.0,73.0,0.11309953817463136,0.4625642041718964
2.0,75.0,0.3573950720429822,0.4623279791310275
3.0,45.0,0.11309953817463136,0.46207076863757024
2.0,90.0,0.1869519485002175,0.4618917485573356
2.0,98.0,0.1869519485002175,0.4618291626396413
2.0,75.0,0.3573950720429822,0.46180470417095804
2.0,87.0,0.3573950720429822,0.4617472188524344
2.0,89.0,0.2084752465079731,0.4610487893748763
3.0,85.0,0.1869519485002175,0.46102779762825535
2.0,59.0,0.2084752465079731,0.460922212213091
2.0,57.0,0.11309953817463136,0.4607645404263647
3.0,111.0,0.1869519485002175,0.46071908013902174
2.0,95.0,0.17298116180354806,0.4606855820372372
2.0,90.0,0.1869519485002175,0.4606645920880739
3.0,96.0,0.1869519485002175,0.4606489531055857
0.0,60.0,0.17298116180354806,0.4605499029350423
4.0,95.0,0.3573950720429822,0.46054812867444445
2.0,103.0,0.3398756843981485,0.4604148436253223
2.0,99.0,0.3398756843981485,0.46024605859043455
2.0,95.0,0.19975421731532284,0.45988935705795
2.0,91.0,0.014485933029906417,0.45984679358111125
2.0,102.0,0.3398756843981485,0.4598040100832194
3.0,70.0,0.48193613708688937,0.4597778246315089
2.0,100.0,0.3398756843981485,0.4596626731951332
2.0,67.0,0.3573950720429822,0.4596576154389919
4.0,103.0,0.3573950720429822,0.4595542803152234
2.0,106.0,0.3398756843981485,0.4590690198822373
3.0,53.0,0.11309953817463136,0.4589057559809405
0.0,45.0,0.19975421731532284,0.4584129569036451
3.0,84.0,0.3573950720429822,0.45801231153065397
2.0,102.0,0.1869519485002175,0.45783010080338016
3.0,95.0,0.3573950720429822,0.4578295191220888
3.0,89.0,0.3573950720429822,0.457812631507826
2.0,93.0,0.3573950720429822,0.4574142755659307
3.0,103.0,0.1869519485002175,0.45723709197050466
2.0,101.0,0.11309953817463136,0.4570992978126105
2.0,108.0,0.1869519485002175,0.45704893756715625
2.0,106.0,0.3398756843981485,0.4569290298365602
2.0,40.0,0.1869519485002175,0.45663018263787497
2.0,75.0,0.1869519485002175,0.45662601683463794
3.0,89.0,0.3573950720429822,0.45653350129006237
2.0,86.0,0.1869519485002175,0.4563648785920756
2.0,109.0,0.11309953817463136,0.4562816317444562
1.0,77.0,0.25891806232171916,0.4562154806850686
2.0,58.0,0.014485933029906417,0.4561954972338397
3.0,103.0,0.1869519485002175,0.4561233134836374
2.0,83.0,0.014485933029906417,0.45611501534902343
1.0,90.0,0.1869519485002175,0.4559468829759852
2.0,101.0,0.1869519485002175,0.4559036797395931
2.0,83.0,0.3573950720429822,0.4558119403815998
3.0,109.0,0.11309953817463136,0.4557192888982363
2.0,104.0,0.1869519485002175,0.45568521880596186
2.0,95.0,0.3398756843981485,0.455326794419626
3.0,100.0,0.014485933029906417,0.4552158934183225
3.0,95.0,0.19975421731532284,0.4550523667330527
4.0,89.0,0.3573950720429822,0.45499010049779276
4.0,78.0,0.2084752465079731,0.4549260268110512
2.0,93.0,0.2084752465079731,0.45487716620126717
3.0,95.0,0.3398756843981485,0.45484324128677545
2.0,92.0,0.014485933029906417,0.45475757497751657
3.0,95.0,0.014485933029906417,0.45456997084563594
2.0,89.0,0.19975421731532284,0.4544175737813032
3.0,101.0,0.1869519485002175,0.4543726136211966
2.0,79.0,0.19975421731532284,0.454325643111354
2.0,86.0,0.1869519485002175,0.45417333483883493
2.0,95.0,0.19975421731532284,0.45409208088093533
3.0,106.0,0.3573950720429822,0.454056180479043
2.0,106.0,0.1869519485002175,0.45398105558012675
2.0,115.0,0.11309953817463136,0.4538962883587794
3.0,93.0,0.2084752465079731,0.45388052560203584
2.0,66.0,0.3573950720429822,0.453753208057852
3.0,80.0,0.1869519485002175,0.45343219339999524
2.0,60.0,0.3573950720429822,0.4533942614614907
2.0,85.0,0.014485933029906417,0.45338656596241733
2.0,83.0,0.014485933029906417,0.4533417933975209
2.0,93.0,0.3573950720429822,0.45330398394175486
3.0,71.0,0.34089661776708285,0.4532940359385703
3.0,100.0,0.3398756843981485,0.4531178971699096
2.0,89.0,0.2084752465079731,0.45304930418738465
2.0,101.0,0.11309953817463136,0.45299774901344325
5.0,69.0,0.1869519485002175,0.4529695030459736
2.0,101.0,0.11309953817463136,0.4529492321126519
3.0,45.0,0.11309953817463136,0.45291050513615405
3.0,104.0,0.1869519485002175,0.4528278237070806
5.0,52.0,0.014485933029906417,0.4528272145246901
3.0,75.0,0.014485933029906417,0.4528134798809721
2.0,83.0,0.014485933029906417,0.45275548832633855
5.0,50.0,0.11309953817463136,0.45227405025976114
3.0,106.0,0.3398756843981485,0.45226624751686
6.0,75.0,0.1869519485002175,0.45222037702953044
2.0,83.0,0.2084752465079731,0.45220091902223364
0.0,60.0,0.17298116180354806,0.4521899428400976
2.0,68.0,0.3573950720429822,0.4520673815348738
2.0,89.0,0.19975421731532284,0.4520159961020166
3.0,63.0,0.014485933029906417,0.4519363866955198
2.0,112.0,0.1869519485002175,0.4519079408588899
3.0,92.0,0.12316073143079964,0.4518823385764562
4.0,75.0,0.19975421731532284,0.4518687872364545
2.0,83.0,0.1869519485002175,0.45184032372855903
3.0,75.0,0.23204372201091866,0.45180992475334464
2.0,93.0,0.2084752465079731,0.4516206663649388
2.0,92.0,0.1869519485002175,0.451605818467738
2.0,54.0,0.19975421731532284,0.4515330634278002
3.0,98.0,0.1869519485002175,0.4514805692838557
2.0,84.0,0.1869519485002175,0.4514566439302805
2.0,85.0,0.2084752465079731,0.4514551067965552
2.0,95.0,0.3398756843981485,0.4513975401117102
2.0,95.0,0.34089661776708285,0.4513623278232709
3.0,114.0,0.1869519485002175,0.45123275609839075
2.0,108.0,0.2084752465079731,0.45122584141005195
2.0,75.0,0.19975421731532284,0.45117214777284315
0.0,60.0,0.17298116180354806,0.4510373507099394
3.0,101.0,0.1869519485002175,0.4509857259355711
2.0,103.0,0.19975421731532284,0.45091954742136464
3.0,95.0,0.17298116180354806,0.4509194237479067
2.0,66.0,0.3573950720429822,0.45090040773441586
2.0,89.0,0.19975421731532284,0.4508243531441436
3.0,87.0,0.3573950720429822,0.4508152081968467
3.0,115.0,0.1869519485002175,0.4508073123986437
2.0,10.0,0.3573950720429822,0.4507552782300931
3.0,91.0,0.12316073143079964,0.4506067836770146
3.0,101.0,0.11309953817463136,0.4505963235594814
2.0,87.0,0.19975421731532284,0.4505814635207348
3.0,52.0,0.1869519485002175,0.45054191542282085
3.0,108.0,0.19975421731532284,0.45045689927547505
3.0,96.0,0.1869519485002175,0.45045372534903383
2.0,89.0,0.19975421731532284,0.4504385631522321
3.0,90.0,0.1869519485002175,0.4503640385995946
1.0,49.0,0.15968542357927834,0.4503352841569798
5.0,104.0,0.1869519485002175,0.4502737514397433
2.0,54.0,0.19975421731532284,0.4502445409561199
3.0,114.0,0.11309953817463136,0.4502432790120096
2.0,93.0,0.3573950720429822,0.45020125356900775
2.0,103.0,0.3573950720429822,0.4499311322955048
2.0,90.0,0.1869519485002175,0.4499060525196271
3.0,85.0,0.3398756843981485,0.44982431393246386
3.0,89.0,0.19975421731532284,0.44982128936925314
3.0,76.0,0.1869519485002175,0.44980538607221143
4.0,101.0,0.11309953817463136,0.4496936414806384
2.0,90.0,0.1869519485002175,0.4496571667648591
0.0,85.0,0.12316073143079964,0.44960554533186115
2.0,100.0,0.1869519485002175,0.4495914362480522
3.0,89.0,0.19975421731532284,0.44957590933318486
2.0,69.0,0.2084752465079731,0.4494026458726957
2.0,103.0,0.3398756843981485,0.4493440229083716
2.0,89.0,0.3573950720429822,0.44930721401061946
2.0,52.0,0.014485933029906417,0.44930406435669595
3.0,85.0,0.3398756843981485,0.4492720612720613
3.0,85.0,0.3398756843981485,0.44918880131537914
3.0,101.0,0.11309953817463136,0.4491556490293333
3.0,87.0,0.3398756843981485,0.44909395193269824
2.0,83.0,0.014485933029906417,0.4490736033726269
3.0,93.0,0.19975421731532284,0.4490700548796286
3.0,69.0,0.3573950720429822,0.4489828750197171
2.0,108.0,0.014485933029906417,0.448977649185775
3.0,100.0,0.17298116180354806,0.448954016413583
3.0,101.0,0.3398756843981485,0.44889230288115733
0.0,80.0,0.12316073143079964,0.44888948999718237
2.0,60.0,0.2084752465079731,0.4488827852309634
2.0,79.0,0.2084752465079731,0.4488076175630355
2.0,102.0,0.11309953817463136,0.4487864597972481
1.0,68.0,0.15968542357927834,0.4487788870651457
3.0,101.0,0.11309953817463136,0.44872805309585495
3.0,110.0,0.1869519485002175,0.4487028156913606
2.0,66.0,0.19975421731532284,0.4486936964308481
2.0,56.0,0.014485933029906417,0.4486919224460544
3.0,85.0,0.3398756843981485,0.4486515035598151
4.0,63.0,0.19975421731532284,0.4486298619509146
2.0,66.0,0.2084752465079731,0.4485342943156708
2.0,95.0,0.3573950720429822,0.4483556003750335
2.0,93.0,0.3573950720429822,0.44834987438191093
4.0,88.0,0.11309953817463136,0.4483415818390812
2.0,114.0,0.1869519485002175,0.44815831817622714
4.0,93.0,0.19975421731532284,0.44809614307261364
3.0,111.0,0.1869519485002175,0.4480633317543773
4.0,87.0,0.19975421731532284,0.4479999485894222
4.0,75.0,0.19975421731532284,0.4479823501713285
2.0,106.0,0.1869519485002175,0.4479812079217652
3.0,45.0,0.4175479919585971,0.4479292616269329
3.0,46.0,0.1869519485002175,0.4479004388800054
4.0,82.0,0.34089661776708285,0.44782372811227306
5.0,50.0,0.014485933029906417,0.4477461802775977
3.0,87.0,0.3573950720429822,0.4476881089221171
3.0,80.0,0.11309953817463136,0.44765221665159755
2.0,93.0,0.19975421731532284,0.4476518488858569
5.0,85.0,0.12316073143079964,0.447640583496311
2.0,95.0,0.19975421731532284,0.44757523557629175
2.0,83.0,0.014485933029906417,0.4475735106998265
2.0,63.0,0.2084752465079731,0.4475248661793077
2.0,83.0,0.2084752465079731,0.44750088273241406
3.0,91.0,0.1869519485002175,0.4474405979251646
2.0,54.0,0.014485933029906417,0.44734071656691327
2.0,101.0,0.2084752465079731,0.4473358921779974
2.0,87.0,0.2084752465079731,0.44729718717418165
0.0,30.0,0.17298116180354806,0.44726554358626175
3.0,95.0,0.3398756843981485,0.4471859636095692
3.0,75.0,0.17298116180354806,0.44718079275914474
3.0,46.0,0.3398756843981485,0.447165901442634
2.0,40.0,0.3398756843981485,0.44713437284316065
2.0,93.0,0.3573950720429822,0.4471263685059351
2.0,100.0,0.11309953817463136,0.44704671954226616
2.0,100.0,0.3398756843981485,0.4470225511568688
2.0,94.0,0.1869519485002175,0.44700547226053294
3.0,85.0,0.1869519485002175,0.4469701879580463
2.0,87.0,0.19975421731532284,0.44692693120433064
2.0,40.0,0.1869519485002175,0.4468833183910107
3.0,60.0,0.34089661776708285,0.44684021942969315
3.0,52.0,0.1869519485002175,0.446648170424479
3.0,93.0,0.3573950720429822,0.4464059280482953
3.0,111.0,0.1869519485002175,0.446395923781968
2.0,87.0,0.19975421731532284,0.44632947318882066
2.0,59.0,0.2084752465079731,0.44628762900987234
2.0,50.0,0.11309953817463136,0.44622253027330433
2.0,89.0,0.19975421731532284,0.4461802886378261
1.0,38.0,0.15968542357927834,0.44615031790951526
0.0,46.0,0.3573950720429822,0.4461063330262415
5.0,65.0,0.34089661776708285,0.44607235104077214
3.0,67.0,0.014485933029906417,0.44603027244513316
2.0,84.0,0.11309953817463136,0.44594524072418806
3.0,87.0,0.2084752465079731,0.4459349546857048
2.0,70.0,0.15968542357927834,0.4458577329822674
3.0,87.0,0.3573950720429822,0.4458346164387354
2.0,60.0,0.3573950720429822,0.4457939121559555
3.0,69.0,0.3573950720429822,0.4457665398616625
4.0,101.0,0.19975421731532284,0.4457616036526253
2.0,95.0,0.3398756843981485,0.44567394357382445
3.0,99.0,0.1869519485002175,0.44562364508556457
2.0,88.0,0.2084752465079731,0.44559332569735044
2.0,63.0,0.014485933029906417,0.4455366342529953
3.0,114.0,0.11309953817463136,0.44549739630854185
2.0,84.0,0.014485933029906417,0.4454131127796286
2.0,57.0,0.1869519485002175,0.44540297575991783
2.0,85.0,0.48193613708688937,0.44539399464286344
5.0,82.0,0.17298116180354806,0.4453710461078882
3.0,103.0,0.1869519485002175,0.44526624139534354
2.0,84.0,0.11309953817463136,0.4452319223736228
3.0,88.0,0.11309953817463136,0.4451783663823674
2.0,66.0,0.2084752465079731,0.44499614184339115
3.0,97.0,0.2084752465079731,0.44495733352661604
3.0,86.0,0.12316073143079964,0.444952877251615
5.0,75.0,0.11309953817463136,0.4448830987725724
2.0,101.0,0.11309953817463136,0.44482714302183224
2.0,66.0,0.19975421731532284,0.44480472289548156
0.0,75.0,0.1869519485002175,0.44476931118417184
2.0,84.0,0.1869519485002175,0.4446807622268446
2.0,88.0,0.3398756843981485,0.44464588734279137
2.0,69.0,0.3573950720429822,0.44458345877350397
3.0,75.0,0.17298116180354806,0.444496779278513
4.0,64.0,0.19975421731532284,0.44444079429342587
4.0,108.0,0.1869519485002175,0.44440006909529056
2.0,83.0,0.2084752465079731,0.4443961068065855
2.0,69.0,0.3573950720429822,0.4443502182326178
3.0,103.0,0.1869519485002175,0.4443008758699162
3.0,109.0,0.3398756843981485,0.44428119355704493
0.0,40.0,0.11309953817463136,0.44425877136808306
2.0,89.0,0.2084752465079731,0.44425597829705954
2.0,87.0,0.2084752465079731,0.4442315872188461
2.0,101.0,0.11309953817463136,0.4442143345818268
4.0,112.0,0.11309953817463136,0.44419648820391855
2.0,108.0,0.1869519485002175,0.44417704878540787
2.0,63.0,0.014485933029906417,0.4441742482729623
4.0,100.0,0.014485933029906417,0.44413870793808874
2.0,52.0,0.014485933029906417,0.4441263340612709
2.0,102.0,0.3398756843981485,0.4440534885717072
2.0,103.0,0.3398756843981485,0.4440159717951335
2.0,100.0,0.11309953817463136,0.4440119608736981
2.0,93.0,0.19975421731532284,0.4440075218898748
2.0,75.0,0.2084752465079731,0.4440043213646453
5.0,75.0,0.11309953817463136,0.4439506514334889
5.0,108.0,0.2084752465079731,0.44393053757388123
4.0,54.0,0.11309953817463136,0.4438885582254004
2.0,98.0,0.1869519485002175,0.443887435464168
3.0,79.0,0.11309953817463136,0.44381090467839696
2.0,64.0,0.19975421731532284,0.44372105772213455
5.0,52.0,0.014485933029906417,0.4436855661232024
2.0,52.0,0.19975421731532284,0.4436021823615775
6.0,115.0,0.11309953817463136,0.4435805060202173
3.0,93.0,0.2084752465079731,0.4435745760312562
4.0,95.0,0.3573950720429822,0.4435699938987388
4.0,55.0,0.25891806232171916,0.4435214810839391
2.0,40.0,0.1869519485002175,0.44349244297528045
4.0,78.0,0.2084752465079731,0.4434787107629212
2.0,100.0,0.1869519485002175,0.443472844204828
3.0,102.0,0.1869519485002175,0.4434164548901391
2.0,63.0,0.014485933029906417,0.44338332407186903
2.0,66.0,0.2084752465079731,0.44338215221311195
2.0,97.0,0.1869519485002175,0.44335705182859264
2.0,92.0,0.19975421731532284,0.44330601509575074
2.0,75.0,0.17298116180354806,0.44329600585173334
2.0,109.0,0.1869519485002175,0.4432616440319227
2.0,84.0,0.3573950720429822,0.443179964260325
2.0,102.0,0.3398756843981485,0.4431569066534535
2.0,89.0,0.3573950720429822,0.4431487898410499
2.0,48.0,0.014485933029906417,0.443121573512619
2.0,85.0,0.2084752465079731,0.4430475564920909
4.0,103.0,0.12316073143079964,0.4430447283710441
3.0,85.0,0.12316073143079964,0.44303286241423895
3.0,106.0,0.3573950720429822,0.4429815833633171
3.0,100.0,0.1869519485002175,0.44294134966142584
3.0,83.0,0.014485933029906417,0.4429256085503764
2.0,86.0,0.1869519485002175,0.44288329395724013
4.0,43.0,0.11309953817463136,0.4427946307562406
3.0,60.0,0.34089661776708285,0.44266864899806074
2.0,66.0,0.3573950720429822,0.4425603692489141
2.0,98.0,0.1869519485002175,0.4425490457493077
3.0,83.0,0.2084752465079731,0.44253505270099697
3.0,113.0,0.1869519485002175,0.44249929295111895
2.0,103.0,0.3398756843981485,0.4424883105780462
2.0,84.0,0.014485933029906417,0.4424610985056329
3.0,111.0,0.1869519485002175,0.44243417562829324
3.0,90.0,0.19975421731532284,0.44242078017243536
1.0,45.0,0.48193613708688937,0.4424198717959924
2.0,93.0,0.014485933029906417,0.4424174408323015
2.0,83.0,0.2084752465079731,0.44234134244470036
3.0,111.0,0.1869519485002175,0.4423013914877692
2.0,83.0,0.014485933029906417,0.4422930525059604
2.0,90.0,0.1869519485002175,0.44227008798668715
2.0,95.0,0.2084752465079731,0.44224565956171824
3.0,100.0,0.1869519485002175,0.44221136826709584
1.0,85.0,0.48193613708688937,0.4422097628687102
2.0,84.0,0.014485933029906417,0.4421994829282278
2.0,87.0,0.19975421731532284,0.44217628068525905
3.0,66.0,0.19975421731532284,0.44212881743960575
1.0,30.0,0.17298116180354806,0.4421231008307932
2.0,103.0,0.3398756843981485,0.44207835686633495
3.0,85.0,0.3398756843981485,0.44206456765959035
2.0,52.0,0.19975421731532284,0.4420578554572363
2.0,85.0,0.014485933029906417,0.4420445457535241
5.0,95.0,0.23204372201091866,0.44194956282107983
2.0,69.0,0.17298116180354806,0.4419451156131318
2.0,103.0,0.3398756843981485,0.4418900604568621
2.0,96.0,0.3398756843981485,0.44185465252643147
2.0,106.0,0.3398756843981485,0.4418290247896106
2.0,40.0,0.3398756843981485,0.44182754214111675
3.0,89.0,0.19975421731532284,0.44182095100263713
3.0,98.0,0.3398756843981485,0.4418167446932153
3.0,93.0,0.19975421731532284,0.4418107671347811
2.0,75.0,0.23204372201091866,0.44178808580797624
3.0,87.0,0.014485933029906417,0.44174094449912504
2.0,85.0,0.1869519485002175,0.4416709731167459
2.0,83.0,0.2084752465079731,0.44163875785222173
2.0,91.0,0.014485933029906417,0.44161658979796636
2.0,95.0,0.17298116180354806,0.4416039650989639
2.0,84.0,0.014485933029906417,0.4415867749619595
2.0,93.0,0.3573950720429822,0.44155843687417873
3.0,103.0,0.19975421731532284,0.4415565146240069
2.0,70.0,0.15968542357927834,0.4415439293314978
3.0,90.0,0.15968542357927834,0.4415316339244728
2.0,87.0,0.19975421731532284,0.4414887107104768
4.0,90.0,0.1869519485002175,0.44143964583747863
3.0,86.0,0.1869519485002175,0.44143766229272297
3.0,85.0,0.11309953817463136,0.4414309986882743
3.0,100.0,0.17298116180354806,0.44141991025830035
2.0,83.0,0.2084752465079731,0.4414100045703284
2.0,66.0,0.2084752465079731,0.4413982044099692
3.0,60.0,0.17298116180354806,0.4413631321445086
1.0,90.0,0.25891806232171916,0.4412923204968406
2.0,103.0,0.2084752465079731,0.44121920417705124
3.0,75.0,0.11309953817463136,0.4412150230336465
3.0,111.0,0.1869519485002175,0.44120661942117056
1.0,46.0,0.11309953817463136,0.44120399754356415
3.0,89.0,0.3573950720429822,0.4411580103503704
2.0,83.0,0.2084752465079731,0.44115395535638446
2.0,87.0,0.2084752465079731,0.44113809500282475
2.0,110.0,0.2084752465079731,0.4411375445966539
3.0,93.0,0.2084752465079731,0.44112480819678596
2.0,106.0,0.1869519485002175,0.44107445440696214
2.0,60.0,0.3573950720429822,0.4409893148684373
2.0,91.0,0.17298116180354806,0.4409805212331528
2.0,108.0,0.19975421731532284,0.44098016445992155
3.0,53.0,0.014485933029906417,0.4409777266466054
3.0,95.0,0.3573950720429822,0.44094520324479836
1.0,34.0,0.12316073143079964,0.4408930293014122
2.0,83.0,0.014485933029906417,0.44086199743470517
3.0,85.0,0.3398756843981485,0.4408272060822668
3.0,111.0,0.11309953817463136,0.4407222205277456
3.0,93.0,0.2084752465079731,0.4407128227153757
3.0,98.0,0.1869519485002175,0.44061157939441686
2.0,75.0,0.19975421731532284,0.44059230456505993
2.0,63.0,0.014485933029906417,0.4405895630129971
3.0,83.0,0.014485933029906417,0.4405477824309969
2.0,54.0,0.014485933029906417,0.44048163133735885
2.0,40.0,0.3398756843981485,0.4404813290614961
3.0,65.0,0.2084752465079731,0.4404369302867755
3.0,75.0,0.23204372201091866,0.44042520561653686
2.0,115.0,0.3573950720429822,0.44040239195590464
2.0,83.0,0.2084752465079731,0.4404008611853336
3.0,90.0,0.25891806232171916,0.4403511698378095
3.0,45.0,0.19975421731532284,0.440315737500503
3.0,110.0,0.1869519485002175,0.44025685515564056
1.0,83.0,0.25891806232171916,0.44023870756535677
2.0,83.0,0.11309953817463136,0.44017248435434553
3.0,106.0,0.11309953817463136,0.4401444176050987
2.0,85.0,0.48193613708688937,0.4400877175341572
2.0,69.0,0.014485933029906417,0.4400842260010716
3.0,101.0,0.11309953817463136,0.4400782682005354
4.0,103.0,0.1869519485002175,0.4400294390851666
3.0,95.0,0.34089661776708285,0.44001921366189045
1.0,68.0,0.15968542357927834,0.4400150137508619
2.0,98.0,0.1869519485002175,0.43998895147138056
4.0,95.0,0.014485933029906417,0.43997802903085104
0.0,67.0,0.3573950720429822,0.4399655414311285
3.0,110.0,0.1869519485002175,0.43993188301655123
3.0,87.0,0.2084752465079731,0.43990504053449897
3.0,45.0,0.3573950720429822,0.4398787392772047
3.0,108.0,0.3573950720429822,0.4398777772707566
2.0,81.0,0.1869519485002175,0.43981953992661305
2.0,84.0,0.014485933029906417,0.4398059799479185
2.0,89.0,0.2084752465079731,0.43978438170017115
3.0,101.0,0.11309953817463136,0.4396426577101023
1.0,69.0,0.1304966883652316,0.43963532326475885
4.0,64.0,0.19975421731532284,0.43962748693501724
4.0,54.0,0.014485933029906417,0.4395988758747273
2.0,51.0,0.014485933029906417,0.4395851908669246
2.0,77.0,0.12316073143079964,0.43953304249929637
3.0,95.0,0.1869519485002175,0.4395045361452684
2.0,60.0,0.1869519485002175,0.4394591032634376
3.0,94.0,0.2084752465079731,0.43945357744052665
2.0,95.0,0.25891806232171916,0.4394417526587091
3.0,77.0,0.12316073143079964,0.4394380924807061
2.0,106.0,0.1869519485002175,0.43941816452553295
2.0,59.0,0.2084752465079731,0.43933518863978505
2.0,108.0,0.19975421731532284,0.4393211503698334
2.0,93.0,0.19975421731532284,0.43925805476574703
3.0,100.0,0.1869519485002175,0.43924620085267857
2.0,63.0,0.014485933029906417,0.43923969148260644
0.0,82.0,0.1869519485002175,0.43918107390284
2.0,93.0,0.014485933029906417,0.43916287827085637
3.0,101.0,0.11309953817463136,0.4391417317804315
1.0,92.0,0.2084752465079731,0.43911199809478446
2.0,93.0,0.014485933029906417,0.4390800533831493
2.0,87.0,0.3573950720429822,0.4390709373996823
3.0,85.0,0.12316073143079964,0.4390367325537842
2.0,91.0,0.1869519485002175,0.43902579304741723
2.0,90.0,0.1869519485002175,0.43899751171059104
3.0,102.0,0.1869519485002175,0.43899623830959855
2.0,69.0,0.3573950720429822,0.4389662504625115
3.0,100.0,0.11309953817463136,0.4388744588744589
4.0,85.0,0.3398756843981485,0.43884271964705396
2.0,66.0,0.3573950720429822,0.43878221056997474
2.0,75.0,0.3573950720429822,0.4387717310447484
2.0,83.0,0.2084752465079731,0.4387557512213382
2.0,93.0,0.2084752465079731,0.43874945848784863
3.0,75.0,0.11309953817463136,0.4387244573377297
4.0,40.0,0.1869519485002175,0.43871598529067446
3.0,75.0,0.1869519485002175,0.4387107629556546
3.0,117.0,0.1869519485002175,0.43865672552421786
3.0,45.0,0.11309953817463136,0.438649304407323
1.0,43.0,0.25891806232171916,0.43864507119987
3.0,101.0,0.1869519485002175,0.43864132125184757
2.0,99.0,0.2084752465079731,0.43863833571630667
3.0,76.0,0.25891806232171916,0.43862272833121485
3.0,104.0,0.1869519485002175,0.43861071910545596
3.0,95.0,0.17298116180354806,0.43857920792657634
3.0,91.0,0.3398756843981485,0.4385765049192294
2.0,93.0,0.3573950720429822,0.4385665192820992
2.0,93.0,0.19975421731532284,0.43854945893459824
4.0,101.0,0.11309953817463136,0.4385386446256415
3.0,52.0,0.13278567718407863,0.43849316696375523
3.0,88.0,0.1869519485002175,0.43845505138136714
2.0,89.0,0.2084752465079731,0.4384034954590884
2.0,93.0,0.19975421731532284,0.43839248619046706
2.0,58.0,0.11309953817463136,0.4383670922869303
5.0,99.0,0.1869519485002175,0.4383303368801821
3.0,98.0,0.1869519485002175,0.43831551898911203
2.0,66.0,0.3573950720429822,0.4383040395826049
3.0,102.0,0.2084752465079731,0.4382856093286196
2.0,89.0,0.2084752465079731,0.4382460459045599
2.0,96.0,0.3398756843981485,0.43822803999207904
3.0,60.0,0.2084752465079731,0.4381848027339811
2.0,75.0,0.17298116180354806,0.4381712941129946
3.0,98.0,0.1869519485002175,0.4381336910184534
2.0,102.0,0.3398756843981485,0.4381082977002005
3.0,93.0,0.3573950720429822,0.43809187070239697
2.0,66.0,0.2084752465079731,0.43804073533568655
2.0,95.0,0.19975421731532284,0.43803003555255043
3.0,103.0,0.1869519485002175,0.4380003531384336
3.0,95.0,0.3398756843981485,0.4379669227176729
2.0,100.0,0.11309953817463136,0.4379578612365932
3.0,90.0,0.11309953817463136,0.4378850147338835
3.0,85.0,0.11309953817463136,0.4378686173026254
3.0,93.0,0.3573950720429822,0.43784417837725764
2.0,99.0,0.2084752465079731,0.43784302730954316
2.0,89.0,0.19975421731532284,0.43783346939107826
2.0,89.0,0.3573950720429822,0.4378225387959134
3.0,95.0,0.2084752465079731,0.43778628826640664
2.0,84.0,0.014485933029906417,0.43774814191656297
4.0,93.0,0.2084752465079731,0.4377303490349453
3.0,85.0,0.3398756843981485,0.43772538722688753
2.0,50.0,0.11309953817463136,0.4377185509946643
2.0,90.0,0.3573950720429822,0.4377024496500562
6.0,75.0,0.014485933029906417,0.43754297464330805
4.0,85.0,0.3398756843981485,0.4375223567835224
2.0,53.0,0.11309953817463136,0.4374960478118372
2.0,86.0,0.1869519485002175,0.43748983550650616
1.0,45.0,0.2084752465079731,0.43748647513477235
2.0,58.0,0.11309953817463136,0.4374743123543124
2.0,83.0,0.2084752465079731,0.4374568403686516
6.0,75.0,0.1869519485002175,0.43740817077659183
0.0,75.0,0.1869519485002175,0.4373610859728507
3.0,59.0,0.19975421731532284,0.4373408438139088
3.0,83.0,0.014485933029906417,0.4373089395243956
3.0,64.0,0.19975421731532284,0.4372837573159554
2.0,77.0,0.3573950720429822,0.4372098059385509
3.0,83.0,0.014485933029906417,0.43720254784774903
2.0,95.0,0.19975421731532284,0.43719217624480783
3.0,52.0,0.19975421731532284,0.4371764534055556
2.0,75.0,0.23204372201091866,0.437161669785323
2.0,69.0,0.3573950720429822,0.43713233152812103
2.0,85.0,0.1869519485002175,0.4371166895949702
2.0,46.0,0.11309953817463136,0.4371037582834726
4.0,90.0,0.3398756843981485,0.43709307697731437
3.0,101.0,0.1869519485002175,0.4370602275499632
3.0,59.0,0.2084752465079731,0.4370578596841755
3.0,98.0,0.1869519485002175,0.4369773545287239
4.0,63.0,0.19975421731532284,0.43692516793148367
2.0,95.0,0.3398756843981485,0.4369151756396339
3.0,101.0,0.11309953817463136,0.436909609212729
0.0,85.0,0.11309953817463136,0.4368977867571818
2.0,62.0,0.2084752465079731,0.4368919581278714
4.0,93.0,0.2084752465079731,0.43685773246097137
2.0,108.0,0.2084752465079731,0.4368400974300236
2.0,85.0,0.1869519485002175,0.43682711405712116
2.0,87.0,0.2084752465079731,0.43679377629594346
2.0,75.0,0.2084752465079731,0.4367718999848555
3.0,92.0,0.014485933029906417,0.43677101323169437
3.0,81.0,0.3398756843981485,0.4367673933909228
4.0,53.0,0.2084752465079731,0.43674484867359353
2.0,75.0,0.1869519485002175,0.43672080291225795
3.0,106.0,0.1869519485002175,0.43664889880303076
2.0,96.0,0.3398756843981485,0.43663586191586196
3.0,77.0,0.19975421731532284,0.43662588720321505
2.0,79.0,0.19975421731532284,0.43662156555836
3.0,107.0,0.11309953817463136,0.4366131720017169
3.0,93.0,0.19975421731532284,0.43659858929142087
2.0,78.0,0.2084752465079731,0.4365524721131056
2.0,115.0,0.19975421731532284,0.4365391096804042
2.0,52.0,0.2084752465079731,0.4365150019375685
3.0,85.0,0.3398756843981485,0.4364709198266474
3.0,91.0,0.1869519485002175,0.43645113770619837
2.0,60.0,0.3573950720429822,0.43640771633225073
2.0,101.0,0.1869519485002175,0.43639958095197917
2.0,75.0,0.19975421731532284,0.43631388999705684
3.0,103.0,0.1869519485002175,0.43631297247644
3.0,64.0,0.19975421731532284,0.4362845635960187
3.0,85.0,0.34089661776708285,0.43628254618207507
2.0,108.0,0.1869519485002175,0.436266432353072
2.0,87.0,0.19975421731532284,0.43623747837989324
4.0,103.0,0.3398756843981485,0.43623536751148084
2.0,66.0,0.2084752465079731,0.43621471221536
2.0,111.0,0.2084752465079731,0.4362104288899955
2.0,40.0,0.1869519485002175,0.4362051708135765
2.0,87.0,0.19975421731532284,0.43613799427266925
3.0,114.0,0.11309953817463136,0.4361245396105839
3.0,99.0,0.1869519485002175,0.4361068163981239
2.0,101.0,0.1869519485002175,0.43609902826447716
3.0,94.0,0.1869519485002175,0.4360717971980653
2.0,101.0,0.11309953817463136,0.4360598083718827
4.0,93.0,0.2084752465079731,0.436038447625778
3.0,89.0,0.2084752465079731,0.4360234274048039
6.0,80.0,0.1869519485002175,0.4359813396374069
3.0,93.0,0.2084752465079731,0.43594907644860736
4.0,107.0,0.1869519485002175,0.43592792781350054
2.0,83.0,0.2084752465079731,0.4358880391604373
5.0,85.0,0.05445109882674026,0.43584624883729434
2.0,89.0,0.2084752465079731,0.43571063973998003
2.0,76.0,0.1869519485002175,0.43570949215902777
2.0,89.0,0.2084752465079731,0.4356325644665726
2.0,75.0,0.1869519485002175,0.4356219995928498
3.0,86.0,0.1869519485002175,0.4355944844972709
2.0,60.0,0.2084752465079731,0.43548755214053986
3.0,50.0,0.11309953817463136,0.4354784115093713
2.0,108.0,0.2084752465079731,0.435439078978484
3.0,101.0,0.3398756843981485,0.4353933268866907
3.0,109.0,0.11309953817463136,0.4353663639765807
2.0,66.0,0.3573950720429822,0.4353027286439051
2.0,101.0,0.3398756843981485,0.4352554501464242
3.0,60.0,0.17298116180354806,0.4352085084400398
0.0,80.0,0.12316073143079964,0.4351780340806052
2.0,89.0,0.2084752465079731,0.43516175634584775
3.0,108.0,0.1869519485002175,0.43508994782307475
5.0,75.0,0.11309953817463136,0.4350870274548293
3.0,100.0,0.1869519485002175,0.43507254149359414
4.0,100.0,0.1869519485002175,0.43501797851271534
2.0,109.0,0.3398756843981485,0.43498540015196363
2.0,83.0,0.11309953817463136,0.4349765136168375
2.0,115.0,0.11309953817463136,0.43495402842771264
3.0,86.0,0.1869519485002175,0.4349172888977605
2.0,65.0,0.2084752465079731,0.43491671189808845
1.0,77.0,0.1304966883652316,0.43490024183960835
3.0,102.0,0.2084752465079731,0.4348182223005752
4.0,53.0,0.2084752465079731,0.434792111534836
2.0,109.0,0.3398756843981485,0.43473114392157025
3.0,102.0,0.1869519485002175,0.43471876893690065
2.0,115.0,0.11309953817463136,0.4346305530620844
3.0,65.0,0.34089661776708285,0.4345818390759567
3.0,98.0,0.1869519485002175,0.4345574901191
3.0,106.0,0.11309953817463136,0.4345483585557889
2.0,84.0,0.1869519485002175,0.4345459442465396
2.0,93.0,0.3573950720429822,0.43453909970318644
4.0,106.0,0.1869519485002175,0.4345196155066124
2.0,95.0,0.25891806232171916,0.4345195986332209
3.0,112.0,0.1869519485002175,0.4344537404116351
3.0,95.0,0.3398756843981485,0.4343867622573505
4.0,95.0,0.12316073143079964,0.43438295908255825
3.0,118.0,0.3573950720429822,0.43435321335011734
2.0,111.0,0.1869519485002175,0.43434369607001183
2.0,85.0,0.1869519485002175,0.4343267301564039
2.0,89.0,0.2084752465079731,0.43432254733944065
2.0,75.0,0.1869519485002175,0.43423699520293946
2.0,103.0,0.1869519485002175,0.4342170162886275
4.0,66.0,0.2084752465079731,0.43418947368421057
4.0,106.0,0.1869519485002175,0.4341881579772309
3.0,74.0,0.34089661776708285,0.4341324785515878
2.0,83.0,0.014485933029906417,0.4340536737666293
3.0,106.0,0.11309953817463136,0.4340422116583108
1.0,77.0,0.1304966883652316,0.43403331110492244
2.0,102.0,0.11309953817463136,0.4340026947700048
3.0,53.0,0.11309953817463136,0.4339930395086136
2.0,96.0,0.19975421731532284,0.4339906238081994
3.0,77.0,0.12316073143079964,0.4339581405522582
2.0,93.0,0.2084752465079731,0.43395069746743953
3.0,77.0,0.1869519485002175,0.43394486898064766
2.0,93.0,0.3573950720429822,0.43393161637124483
5.0,85.0,0.11309953817463136,0.43385397292765715
3.0,118.0,0.3573950720429822,0.43379492279306514
5.0,108.0,0.2084752465079731,0.4337465421765545
2.0,75.0,0.11309953817463136,0.43361888320459413
2.0,102.0,0.3398756843981485,0.4335952030425715
3.0,106.0,0.3398756843981485,0.4334095251901148
3.0,106.0,0.1869519485002175,0.433337590615663
3.0,59.0,0.2084752465079731,0.4333036923204868
3.0,95.0,0.3398756843981485,0.4331661957475723
3.0,85.0,0.11309953817463136,0.433071605970586
3.0,99.0,0.1869519485002175,0.4329994379253531
5.0,85.0,0.1869519485002175,0.4329737606787381
3.0,104.0,0.1869519485002175,0.4329632542895701
2.0,69.0,0.2084752465079731,0.4328539860340765
3.0,86.0,0.17298116180354806,0.4328532122742172
3.0,85.0,0.12316073143079964,0.43281857368637555
3.0,45.0,0.3573950720429822,0.43272763231370515
1.0,90.0,0.25891806232171916,0.43265253434589823
3.0,85.0,0.1869519485002175,0.43262943412598087
2.0,90.0,0.3398756843981485,0.43257033729943944
0.0,34.0,0.25891806232171916,0.43247581520646533
3.0,85.0,0.3398756843981485,0.43245754726409535
2.0,50.0,0.11309953817463136,0.4324374878382976
2.0,103.0,0.1869519485002175,0.43236279592440585
2.0,75.0,0.17298116180354806,0.43236072640280787
3.0,95.0,0.014485933029906417,0.4323473485578749
3.0,95.0,0.3398756843981485,0.4323195202008967
2.0,115.0,0.11309953817463136,0.4322810873337189
2.0,85.0,0.1869519485002175,0.43227781645202457
3.0,75.0,0.34089661776708285,0.4322770221866197
2.0,115.0,0.19975421731532284,0.43219780459809043
3.0,117.0,0.3398756843981485,0.43218826552506007
3.0,75.0,0.1869519485002175,0.432183752401709
3.0,85.0,0.3398756843981485,0.4321548771336626
6.0,95.0,0.014485933029906417,0.43213257619573414
3.0,85.0,0.1869519485002175,0.4320862840862841
3.0,45.0,0.25891806232171916,0.43199336666085897
4.0,106.0,0.1869519485002175,0.4319596635906233
2.0,62.0,0.2084752465079731,0.4319585793667051
1.0,43.0,0.25891806232171916,0.43192565940191363
3.0,106.0,0.1869519485002175,0.4318796743436938
2.0,90.0,0.3398756843981485,0.4318148701031996
2.0,98.0,0.1869519485002175,0.4317961443994154
2.0,101.0,0.11309953817463136,0.4316449234526158
5.0,95.0,0.23204372201091866,0.43164158729788643
3.0,80.0,0.17298116180354806,0.43159891408900697
1.0,92.0,0.1869519485002175,0.43156077235458046
3.0,60.0,0.34089661776708285,0.43150687702390494
3.0,108.0,0.11309953817463136,0.43149435215098464
3.0,60.0,0.34089661776708285,0.43149088104877575
3.0,95.0,0.2084752465079731,0.43147058486748885
3.0,85.0,0.3398756843981485,0.43146674029101273
2.0,75.0,0.3573950720429822,0.4314131718765918
3.0,70.0,0.17298116180354806,0.4314007231581892
3.0,110.0,0.1869519485002175,0.4313767635872899
3.0,105.0,0.3398756843981485,0.4313688701391488
2.0,108.0,0.014485933029906417,0.4313544747544271
2.0,87.0,0.2084752465079731,0.43130823616329683
4.0,85.0,0.3398756843981485,0.431273437952843
3.0,101.0,0.1869519485002175,0.43121569461184484
3.0,78.0,0.25891806232171916,0.43116880110075073
4.0,94.0,0.19975421731532284,0.43116126859037074
2.0,85.0,0.3398756843981485,0.4311391803243197
2.0,106.0,0.3398756843981485,0.4311167353458375
3.0,111.0,0.1869519485002175,0.4310534189341566
3.0,45.0,0.11309953817463136,0.4310057498776527
2.0,34.0,0.25891806232171916,0.43091723714881613
2.0,90.0,0.1869519485002175,0.43089346821049607
6.0,115.0,0.11309953817463136,0.43080139829211034
4.0,85.0,0.3398756843981485,0.4306542090520419
2.0,100.0,0.3398756843981485,0.43059857044863004
3.0,40.0,0.11309953817463136,0.4305911297612261
4.0,75.0,0.19975421731532284,0.4305463557291932
3.0,53.0,0.1869519485002175,0.4305463287325254
2.0,109.0,0.11309953817463136,0.4304954604338267
2.0,45.0,0.11309953817463136,0.4304917094495565
2.0,115.0,0.11309953817463136,0.4304447099459245
3.0,95.0,0.2084752465079731,0.43042197596005655
3.0,99.0,0.3398756843981485,0.4303005621141843
1.0,84.0,0.25891806232171916,0.4302892909583075
3.0,66.0,0.3573950720429822,0.430270702925716
3.0,115.0,0.11309953817463136,0.43019757891390187
2.0,106.0,0.1869519485002175,0.43018313946115805
5.0,98.0,0.1869519485002175,0.43017471105539695
4.0,43.0,0.11309953817463136,0.4300771415718784
2.0,109.0,0.3398756843981485,0.4299164759798958
2.0,83.0,0.014485933029906417,0.4298680518893665
6.0,60.0,0.3641607592878022,0.42983825484457067
1.0,89.0,0.12316073143079964,0.4298277821646481
5.0,99.0,0.1869519485002175,0.4297676135829982
3.0,75.0,0.34089661776708285,0.4296629288734075
3.0,75.0,0.34089661776708285,0.42959485251590523
3.0,75.0,0.17298116180354806,0.4294999325355125
3.0,104.0,0.3573950720429822,0.42943224940537095
3.0,95.0,0.34089661776708285,0.42935355513740836
3.0,115.0,0.19975421731532284,0.4293133526260461
2.0,66.0,0.19975421731532284,0.42924400621738085
3.0,103.0,0.1869519485002175,0.42922488058368025
3.0,94.0,0.1869519485002175,0.42906052198178896
3.0,111.0,0.1869519485002175,0.429058854645808
2.0,104.0,0.1869519485002175,0.4290444615240281
4.0,69.0,0.19975421731532284,0.4290378930270332
1.0,101.0,0.25891806232171916,0.428924879695468
3.0,100.0,0.3398756843981485,0.4287700178628494
2.0,95.0,0.2084752465079731,0.42873417070347297
2.0,104.0,0.11309953817463136,0.4285352049948227
2.0,100.0,0.1869519485002175,0.42851575021786975
4.0,103.0,0.3398756843981485,0.4285002703179174
2.0,93.0,0.11309953817463136,0.42838403442764
2.0,100.0,0.3398756843981485,0.42821928163657147
5.0,85.0,0.12316073143079964,0.42813238098991846
1.0,97.0,0.25891806232171916,0.4281247425538924
1.0,49.0,0.25891806232171916,0.42811325632442465
4.0,75.0,0.17298116180354806,0.42807280768766837
2.0,108.0,0.1869519485002175,0.4280433094253528
3.0,85.0,0.3398756843981485,0.42803144815281036
2.0,103.0,0.3398756843981485,0.4279767530714899
2.0,85.0,0.1869519485002175,0.42790053600685524
2.0,102.0,0.3398756843981485,0.4277849159387621
3.0,85.0,0.1869519485002175,0.4277353917884811
4.0,95.0,0.17298116180354806,0.4276215861194189
3.0,100.0,0.1869519485002175,0.42760795084357833
0.0,82.0,0.1869519485002175,0.42755494338954686
3.0,85.0,0.11309953817463136,0.42750918507546276
2.0,85.0,0.3398756843981485,0.42749483649953285
3.0,106.0,0.1869519485002175,0.42746354584527957
4.0,85.0,0.3398756843981485,0.4274120986166331
2.0,77.0,0.12316073143079964,0.42737915046769537
3.0,85.0,0.1869519485002175,0.42721603075287284
3.0,60.0,0.34089661776708285,0.4271603992384178
2.0,90.0,0.3398756843981485,0.42715335160644086
3.0,60.0,0.4175479919585971,0.4269862690885363
1.0,34.0,0.25891806232171916,0.42692684282720006
3.0,75.0,0.13278567718407863,0.426908979152942
3.0,97.0,0.13278567718407863,0.42675086108608784
3.0,85.0,0.11309953817463136,0.42674732587673764
3.0,95.0,0.014485933029906417,0.4267374133209808
3.0,95.0,0.1869519485002175,0.4265627658890817
1.0,39.0,0.25891806232171916,0.4260311571363727
1.0,43.0,0.25891806232171916,0.4259235900401893
3.0,78.0,0.25891806232171916,0.42585788193706753
1.0,77.0,0.1304966883652316,0.4258193061840121
3.0,85.0,0.3398756843981485,0.4257897055710821
3.0,45.0,0.19975421731532284,0.42563274141380825
3.0,102.0,0.1869519485002175,0.4254933930878204
3.0,106.0,0.1869519485002175,0.4253954291269843
2.0,91.0,0.1869519485002175,0.42530234497845837
3.0,104.0,0.1869519485002175,0.42522159122928355
3.0,85.0,0.3398756843981485,0.42508224639798825
3.0,77.0,0.13278567718407863,0.42450004690871557
1.0,77.0,0.25891806232171916,0.42445823176918573
3.0,40.0,0.25891806232171916,0.42442421057203666
1.0,72.0,0.15968542357927834,0.4244143987128745
3.0,70.0,0.17298116180354806,0.4241785158135241
1.0,82.0,0.25891806232171916,0.4240147881014754
3.0,64.0,0.25891806232171916,0.4239602128865287
3.0,75.0,0.17298116180354806,0.42363312476996684
5.0,80.0,0.1869519485002175,0.42359362137690304
2.0,85.0,0.1869519485002175,0.42340787700724747
1.0,69.0,0.1304966883652316,0.4233039548686608
1.0,65.0,0.25891806232171916,0.42330237055685976
1.0,77.0,0.12316073143079964,0.42307420666559176
1.0,77.0,0.12316073143079964,0.4230717503765849
3.0,65.0,0.34089661776708285,0.4230202432586333
0.0,34.0,0.25891806232171916,0.4223599511599511
2.0,95.0,0.25891806232171916,0.42234844318709525
1.0,69.0,0.25891806232171916,0.4220544362414332
1.0,77.0,0.1304966883652316,0.42192024748557255
6.0,45.0,0.014485933029906417,0.42034854371105856
1.0,55.0,0.25891806232171916,0.420285743242265
1.0,39.0,0.25891806232171916,0.4202411805301831
2.0,75.0,0.23204372201091866,0.4198485014950649
1.0,85.0,0.3398756843981485,0.4198147100980861
0.0,72.0,0.25891806232171916,0.4196440716146599
1.0,49.0,0.25891806232171916,0.41961541460289614
1.0,31.0,0.15968542357927834,0.41961357408768596
3.0,60.0,0.4175479919585971,0.41938308144645464
4.0,90.0,0.1869519485002175,0.41908847248900055
0.0,72.0,0.25891806232171916,0.4189640738346621
2.0,81.0,0.25891806232171916,0.41895377661985134
1.0,77.0,0.34089661776708285,0.41891081331941055
3.0,35.0,0.25891806232171916,0.4186707718538921
1.0,68.0,0.15968542357927834,0.4179009617833147
1.0,108.0,0.25891806232171916,0.41783130790777845
6.0,30.0,0.13278567718407863,0.41740045685308846
1.0,85.0,0.3117907219874658,0.4171450323326484
0.0,91.0,0.15968542357927834,0.4169448605851559
1.0,77.0,0.25891806232171916,0.41680280830280825
0.0,60.0,0.17298116180354806,0.4163241077693856
1.0,75.0,0.25891806232171916,0.4161132373855486
1.0,44.0,0.15968542357927834,0.41602362505056006
1.0,37.0,0.15968542357927834,0.4160103775719398
1.0,43.0,0.25891806232171916,0.4159264258802244
1.0,84.0,0.25891806232171916,0.4158836144247909
1.0,34.0,0.25891806232171916,0.41587655272144436
1.0,77.0,0.12316073143079964,0.41587046939988126
3.0,75.0,0.13278567718407863,0.4154284687686688
4.0,90.0,0.3641607592878022,0.4153762249600855
3.0,80.0,0.11309953817463136,0.41520543250440944
1.0,95.0,0.1304966883652316,0.41466499070245194
0.0,40.0,0.11309953817463136,0.4146429544013068
0.0,15.0,0.17298116180354806,0.4145532777930968
1.0,75.0,0.2367354478873675,0.414518037174384
2.0,56.0,0.25891806232171916,0.4145125608224193
1.0,87.0,0.22397928771922776,0.41425681560226124
2.0,72.0,0.25891806232171916,0.41405938712130663
5.0,55.0,0.22397928771922776,0.4139944997449165
3.0,37.0,0.22397928771922776,0.41358381579832654
5.0,45.0,0.4175479919585971,0.4135050875050875
3.0,96.0,0.25891806232171916,0.4131833649560727
1.0,49.0,0.15968542357927834,0.41253520948335237
2.0,94.0,0.22397928771922776,0.4124302770500913
1.0,75.0,0.11309953817463136,0.41216874236874246
1.0,34.0,0.25891806232171916,0.41215137821348824
1.0,49.0,0.25891806232171916,0.4120695771799844
1.0,43.0,0.25891806232171916,0.41190473317532145
1.0,75.0,0.25891806232171916,0.4117834296422531
3.0,84.0,0.25891806232171916,0.41167745862315996
1.0,93.0,0.15968542357927834,0.41147332165598416
2.0,86.0,0.25891806232171916,0.41107681637006843
3.0,66.0,0.25891806232171916,0.41078975874911966
6.0,31.0,0.014485933029906417,0.4103678625722105
3.0,49.0,0.25891806232171916,0.41017230674232963
4.0,50.0,0.25891806232171916,0.41015410626260823
1.0,76.0,0.15968542357927834,0.4097074531999576
3.0,39.0,0.25891806232171916,0.4093419094837051
1.0,108.0,0.15968542357927834,0.40905306819083903
1.0,77.0,0.25891806232171916,0.4089977252008926
4.0,55.0,0.15968542357927834,0.4084426906426907
1.0,93.0,0.12316073143079964,0.40829847957340215
1.0,108.0,0.22397928771922776,0.40829414717218954
5.0,45.0,0.22397928771922776,0.4082236690435071
1.0,55.0,0.25891806232171916,0.4082185533764481
1.0,35.0,0.11309953817463136,0.40766096236065275
1.0,34.0,0.25891806232171916,0.40729267434161454
1.0,77.0,0.25891806232171916,0.4070384320133308
1.0,61.0,0.25891806232171916,0.40702918381927666
1.0,76.0,0.15968542357927834,0.4068714285714286
1.0,75.0,0.2367354478873675,0.40686627695820354
1.0,90.0,0.25891806232171916,0.4067717048742054
1.0,34.0,0.25891806232171916,0.4067335510310123
1.0,75.0,0.25891806232171916,0.4058306070315596
0.0,53.0,0.34089661776708285,0.4058276139632239
1.0,34.0,0.25891806232171916,0.4055257767349052
3.0,39.0,0.25891806232171916,0.4054894761585164
1.0,39.0,0.25891806232171916,0.40542414220956735
1.0,65.0,0.1304966883652316,0.405307522199163
3.0,90.0,0.25891806232171916,0.4052070465024026
1.0,51.0,0.15968542357927834,0.40518074536402715
1.0,34.0,0.25891806232171916,0.4050323233830021
1.0,34.0,0.25891806232171916,0.40502606103757
1.0,77.0,0.25891806232171916,0.40490536330383914
4.0,55.0,0.25891806232171916,0.40474608363061443
3.0,69.0,0.25891806232171916,0.40464719086581435
2.0,34.0,0.25891806232171916,0.40460206015812944
4.0,90.0,0.1869519485002175,0.4042810211231263
1.0,84.0,0.22397928771922776,0.40412468803985835
1.0,66.0,0.1304966883652316,0.40391743921712964
3.0,69.0,0.25891806232171916,0.4038629965478801
1.0,82.0,0.25891806232171916,0.4033551706329573
3.0,70.0,0.22397928771922776,0.4029690396102524
2.0,56.0,0.25891806232171916,0.40287032967032965
1.0,69.0,0.25891806232171916,0.4019565488865691
1.0,77.0,0.25891806232171916,0.40189689865032446
1.0,64.0,0.25891806232171916,0.40180808535028484
1.0,34.0,0.25891806232171916,0.4017163833123824
1.0,90.0,0.25891806232171916,0.4015204613702828
1.0,84.0,0.25891806232171916,0.4014393210220778
1.0,83.0,0.25891806232171916,0.40124741202322306
1.0,34.0,0.25891806232171916,0.4011704228109128
1.0,87.0,0.22397928771922776,0.4011437462434366
1.0,65.0,0.12316073143079964,0.40113517845177765
1.0,90.0,0.25891806232171916,0.4011094549519175
1.0,78.0,0.15968542357927834,0.4009429792086139
1.0,88.0,0.25891806232171916,0.40084165425746754
1.0,43.0,0.15968542357927834,0.400832930124571
1.0,80.0,0.25891806232171916,0.4004274487122784
1.0,77.0,0.12316073143079964,0.40029420643381525
1.0,98.0,0.25891806232171916,0.3999233196112454
1.0,49.0,0.25891806232171916,0.3998697481079953
1.0,43.0,0.22397928771922776,0.39932570793499583
0.0,72.0,0.15968542357927834,0.3991125751097887
1.0,96.0,0.25891806232171916,0.39897385033267385
0.0,72.0,0.15968542357927834,0.39882974899197815
0.0,65.0,0.1304966883652316,0.3988292771899583
1.0,90.0,0.34089661776708285,0.39881964051842594
1.0,50.0,0.22397928771922776,0.3985286157413807
1.0,39.0,0.25891806232171916,0.3982989839194173
1.0,69.0,0.25891806232171916,0.39824423660275055
1.0,39.0,0.25891806232171916,0.3980290689702455
5.0,55.0,0.25891806232171916,0.39798121682239324
1.0,58.0,0.25891806232171916,0.39762518046109374
2.0,39.0,0.22397928771922776,0.3975808623138278
3.0,96.0,0.25891806232171916,0.3975758063446851
3.0,93.0,0.25891806232171916,0.3973884267360644
1.0,77.0,0.25891806232171916,0.39735262635541274
1.0,72.0,0.25891806232171916,0.39730178593336485
1.0,77.0,0.34089661776708285,0.39718520849635397
1.0,78.0,0.25891806232171916,0.3970668494470487
2.0,77.0,0.25891806232171916,0.39701596371777986
3.0,66.0,0.3573950720429822,0.39686566704824056
1.0,72.0,0.15968542357927834,0.39682575041058016
1.0,96.0,0.22397928771922776,0.3967860779743133
1.0,38.0,0.15968542357927834,0.39647857127243313
1.0,90.0,0.25891806232171916,0.39632421211399543
0.0,65.0,0.1304966883652316,0.39615913155670246
1.0,34.0,0.15968542357927834,0.39604645664726634
2.0,65.0,0.34089661776708285,0.39601127630539396
1.0,38.0,0.25891806232171916,0.3959991476835725
5.0,48.0,0.11309953817463136,0.39591876295387995
1.0,34.0,0.25891806232171916,0.3958901049467851
1.0,65.0,0.25891806232171916,0.39581887751051836
1.0,108.0,0.25891806232171916,0.3958172441196971
1.0,62.0,0.1304966883652316,0.3957273784827011
0.0,40.0,0.11309953817463136,0.3954255912698875
1.0,90.0,0.22397928771922776,0.39535991562616946
1.0,66.0,0.1304966883652316,0.3948124599295168
3.0,78.0,0.25891806232171916,0.39448747784723015
1.0,65.0,0.25891806232171916,0.39433961207874246
1.0,90.0,0.25891806232171916,0.3943349753895122
0.0,34.0,0.25891806232171916,0.3943096227421067
1.0,90.0,0.25891806232171916,0.3942001277704064
3.0,53.0,0.15968542357927834,0.39415172051821357
1.0,81.0,0.15968542357927834,0.39409033674033
1.0,49.0,0.15968542357927834,0.3939748047618017
1.0,90.0,0.25891806232171916,0.39388095994133143
1.0,49.0,0.25891806232171916,0.393838644251607
1.0,65.0,0.25891806232171916,0.3937482092805979
2.0,49.0,0.25891806232171916,0.3935599312967734
0.0,72.0,0.4175479919585971,0.39339916749916753
3.0,66.0,0.1304966883652316,0.3931967668435399
3.0,64.0,0.25891806232171916,0.39316421851926164
1.0,75.0,0.25891806232171916,0.3929492029496793
1.0,78.0,0.15968542357927834,0.3929066899758969
3.0,78.0,0.25891806232171916,0.39290146755922767
2.0,49.0,0.25891806232171916,0.3928755012445415
1.0,84.0,0.25891806232171916,0.39282097324277143
1.0,84.0,0.25891806232171916,0.392694148562435
1.0,31.0,0.1304966883652316,0.39263021890390315
4.0,82.0,0.25891806232171916,0.3925216145558919
1.0,97.0,0.25891806232171916,0.39251116169692024
1.0,49.0,0.25891806232171916,0.39247420936988126
1.0,58.0,0.25891806232171916,0.3923888864859572
3.0,30.0,0.25891806232171916,0.3923486325844755
1.0,65.0,0.25891806232171916,0.3923095150417598
3.0,96.0,0.25891806232171916,0.3922369485400683
1.0,39.0,0.25891806232171916,0.3922199983076382
1.0,65.0,0.1304966883652316,0.392141793397521
1.0,77.0,0.25891806232171916,0.3918432898370979
3.0,65.0,0.4175479919585971,0.39182566135935987
1.0,30.0,0.05445109882674026,0.3917967546271718
1.0,90.0,0.25891806232171916,0.39156093636458006
1.0,66.0,0.25891806232171916,0.3914935825466904
2.0,66.0,0.34089661776708285,0.3914064216485269
2.0,49.0,0.25891806232171916,0.3913404124808351
2.0,41.0,0.25891806232171916,0.3908867309161427
1.0,49.0,0.12316073143079964,0.39084507849130273
1.0,72.0,0.25891806232171916,0.39061242988177974
1.0,65.0,0.12316073143079964,0.3904856708464058
1.0,43.0,0.22397928771922776,0.3903091506413726
1.0,65.0,0.1304966883652316,0.3902600458309996
3.0,45.0,0.4175479919585971,0.39007139186773054
1.0,65.0,0.25891806232171916,0.3900548006488313
1.0,49.0,0.11309953817463136,0.39002999958417917
2.0,35.0,0.25891806232171916,0.3899734541942107
1.0,90.0,0.25891806232171916,0.3899379689189644
1.0,83.0,0.25891806232171916,0.38968709065272533
2.0,78.0,0.25891806232171916,0.3891856334240235
1.0,101.0,0.25891806232171916,0.38913781656939556
1.0,90.0,0.25891806232171916,0.3891297219374753
1.0,38.0,0.22397928771922776,0.3890658480520829
3.0,95.0,0.25891806232171916,0.3890494128083555
1.0,34.0,0.25891806232171916,0.3890123251361641
1.0,96.0,0.25891806232171916,0.3889609566903685
1.0,65.0,0.12316073143079964,0.38892256230181926
1.0,80.0,0.25891806232171916,0.38887285332486565
1.0,53.0,0.15968542357927834,0.3887285408090361
1.0,49.0,0.12316073143079964,0.38866329810540334
1.0,34.0,0.25891806232171916,0.3886430998019471
1.0,65.0,0.25891806232171916,0.3885436077510381
1.0,68.0,0.25891806232171916,0.38844313333725095
3.0,64.0,0.25891806232171916,0.3883136512610197
2.0,70.0,0.15968542357927834,0.3881745078131008
1.0,72.0,0.25891806232171916,0.3881704202283388
2.0,65.0,0.15968542357927834,0.3881696153176029
3.0,96.0,0.25891806232171916,0.3880661002647428
1.0,90.0,0.25891806232171916,0.3879588481693744
1.0,38.0,0.15968542357927834,0.38795066893890423
1.0,34.0,0.25891806232171916,0.38780927257231135
1.0,90.0,0.25891806232171916,0.38780637392297307
1.0,96.0,0.25891806232171916,0.38768948355764266
1.0,75.0,0.2367354478873675,0.3875984514969035
2.0,34.0,0.25891806232171916,0.3875727459674828
1.0,53.0,0.15968542357927834,0.3875354720694087
1.0,37.0,0.25891806232171916,0.387417644475445
1.0,81.0,0.12316073143079964,0.3873323697630199
1.0,42.0,0.25891806232171916,0.3872046288465726
6.0,31.0,0.014485933029906417,0.3871543964489904
1.0,55.0,0.25891806232171916,0.38701330248698673
1.0,68.0,0.22397928771922776,0.38691363287819586
3.0,78.0,0.25891806232171916,0.3867581466946926
1.0,81.0,0.25891806232171916,0.38671585685967164
1.0,87.0,0.22397928771922776,0.3866688998500133
1.0,81.0,0.22397928771922776,0.38659909502262446
1.0,78.0,0.15968542357927834,0.3865970677413401
1.0,78.0,0.25891806232171916,0.3864147536315258
1.0,76.0,0.25891806232171916,0.3863224471434997
1.0,49.0,0.12316073143079964,0.3862971651671342
3.0,84.0,0.25891806232171916,0.3862841272635323
1.0,77.0,0.34089661776708285,0.3862291466419343
3.0,84.0,0.25891806232171916,0.38621688329997345
1.0,80.0,0.25891806232171916,0.3861063370806643
1.0,77.0,0.25891806232171916,0.38606259240136875
4.0,48.0,0.014485933029906417,0.38603095597213244
0.0,43.0,0.34089661776708285,0.3860082054134261
3.0,34.0,0.25891806232171916,0.3859982672537525
1.0,65.0,0.25891806232171916,0.3857758151033693
3.0,66.0,0.3573950720429822,0.38571524561348225
2.0,65.0,0.22397928771922776,0.3856565472790288
1.0,77.0,0.25891806232171916,0.3856558847360467
1.0,96.0,0.25891806232171916,0.38562902928273773
1.0,95.0,0.25891806232171916,0.3855723620033218
1.0,64.0,0.11309953817463136,0.3854960631176397
2.0,95.0,0.25891806232171916,0.38549028206584773
1.0,78.0,0.22397928771922776,0.3854816151518492
1.0,65.0,0.25891806232171916,0.3853557876591932
0.0,72.0,0.25891806232171916,0.3852781380404148
1.0,70.0,0.22397928771922776,0.3850843638755833
1.0,82.0,0.25891806232171916,0.3849805709598279
1.0,94.0,0.22397928771922776,0.3849450560500335
1.0,34.0,0.25891806232171916,0.3848931213265579
3.0,77.0,0.1304966883652316,0.38477798316419887
3.0,64.0,0.25891806232171916,0.3847499900497343
3.0,90.0,0.15968542357927834,0.38462093335205977
1.0,75.0,0.11309953817463136,0.38456184201075844
1.0,66.0,0.25891806232171916,0.3844097360843491
1.0,77.0,0.1304966883652316,0.3843025275378216
1.0,90.0,0.12316073143079964,0.38428885033095556
1.0,90.0,0.014485933029906417,0.3842076227812832
3.0,60.0,0.4175479919585971,0.38411816418875244
1.0,90.0,0.25891806232171916,0.38406849033319623
0.0,55.0,0.22397928771922776,0.38404215734835406
7.0,40.0,0.22397928771922776,0.3839989733882851
1.0,83.0,0.15968542357927834,0.38391845017727366
3.0,75.0,0.11309953817463136,0.38387582550710836
1.0,45.0,0.25891806232171916,0.38374171731330475
3.0,49.0,0.25891806232171916,0.38373177036092637
1.0,39.0,0.25891806232171916,0.3837173471602621
1.0,96.0,0.25891806232171916,0.3836444788441693
0.0,75.0,0.1304966883652316,0.38358768249294567
3.0,77.0,0.25891806232171916,0.38348407705654675
2.0,49.0,0.25891806232171916,0.38337893753992824
1.0,117.0,0.25891806232171916,0.38331685409137184
2.0,82.0,0.25891806232171916,0.3831730049104662
1.0,75.0,0.11309953817463136,0.38312851359167144
3.0,80.0,0.11309953817463136,0.38311051571988025
1.0,34.0,0.25891806232171916,0.38308476099064337
3.0,66.0,0.3573950720429822,0.3830565867210368
1.0,34.0,0.15968542357927834,0.38288540878824284
1.0,43.0,0.22397928771922776,0.3826770494996097
1.0,77.0,0.25891806232171916,0.3826455253366008
2.0,41.0,0.25891806232171916,0.3824500495780076
1.0,85.0,0.15968542357927834,0.3823024743138103
1.0,78.0,0.25891806232171916,0.38225200036131207
2.0,49.0,0.25891806232171916,0.38217793597934213
2.0,41.0,0.25891806232171916,0.38215664260773147
1.0,77.0,0.1304966883652316,0.381993555881815
1.0,78.0,0.15968542357927834,0.3819734064436012
2.0,39.0,0.25891806232171916,0.38184780578898225
3.0,76.0,0.15968542357927834,0.3815363368351762
1.0,49.0,0.15968542357927834,0.38140745168937595
1.0,90.0,0.25891806232171916,0.3813264010578609
1.0,34.0,0.25891806232171916,0.3813038962100954
2.0,41.0,0.25891806232171916,0.3811527157132778
2.0,34.0,0.25891806232171916,0.3811212283469488
3.0,95.0,0.25891806232171916,0.3811129237304994
2.0,75.0,0.25891806232171916,0.3810784896614856
1.0,51.0,0.15968542357927834,0.3810610035515013
1.0,51.0,0.15968542357927834,0.3809109186703852
1.0,75.0,0.25891806232171916,0.380862403004793
1.0,90.0,0.25891806232171916,0.380852475428041
1.0,77.0,0.25891806232171916,0.3808359414922882
1.0,49.0,0.25891806232171916,0.3808089832424198
1.0,55.0,0.25891806232171916,0.38062441851234424
1.0,36.0,0.34089661776708285,0.3806016455165061
1.0,36.0,0.34089661776708285,0.3805669291572126
1.0,94.0,0.22397928771922776,0.38051348553539543
2.0,82.0,0.25891806232171916,0.3803455810152643
1.0,90.0,0.25891806232171916,0.38011867609514666
1.0,82.0,0.25891806232171916,0.38009417455609407
1.0,49.0,0.15968542357927834,0.3800847211022304
1.0,89.0,0.12316073143079964,0.379873203107907
3.0,34.0,0.25891806232171916,0.37985354903094837
1.0,49.0,0.25891806232171916,0.3798344342604943
1.0,77.0,0.34089661776708285,0.37980316742081455
1.0,89.0,0.12316073143079964,0.37979781633322846
1.0,85.0,0.3117907219874658,0.37963367190878505
1.0,64.0,0.11309953817463136,0.37953561369169847
1.0,64.0,0.11309953817463136,0.3793421513523919
1.0,34.0,0.25891806232171916,0.37925485904109385
1.0,84.0,0.22397928771922776,0.37917992932420175
3.0,96.0,0.25891806232171916,0.37901788562314875
3.0,49.0,0.25891806232171916,0.3790125111495334
2.0,22.0,0.15968542357927834,0.3789348724591691
4.0,60.0,0.4175479919585971,0.37888765444184747
1.0,85.0,0.3117907219874658,0.37886124849192243
3.0,65.0,0.34089661776708285,0.37878869064639387
1.0,108.0,0.22397928771922776,0.37858306472443176
1.0,36.0,0.34089661776708285,0.3785693361572142
2.0,41.0,0.25891806232171916,0.3784900422732885
3.0,49.0,0.15968542357927834,0.3784892754568868
1.0,83.0,0.22397928771922776,0.3784148070435696
1.0,65.0,0.25891806232171916,0.37838834584380104
2.0,75.0,0.15968542357927834,0.3782724941916882
1.0,34.0,0.25891806232171916,0.3782179801622526
1.0,65.0,0.25891806232171916,0.3781170833215367
3.0,34.0,0.25891806232171916,0.37798310342086083
1.0,86.0,0.25891806232171916,0.377931366104078
3.0,60.0,0.4175479919585971,0.3778995887153782
5.0,45.0,0.22397928771922776,0.37776526251152714
1.0,65.0,0.1304966883652316,0.37776082740788625
1.0,39.0,0.25891806232171916,0.37758645024632165
1.0,85.0,0.3398756843981485,0.37753350781948064
1.0,49.0,0.25891806232171916,0.37753329023917254
2.0,49.0,0.25891806232171916,0.37731480203185885
1.0,78.0,0.15968542357927834,0.37728845218976204
1.0,78.0,0.22397928771922776,0.3772064219181628
1.0,65.0,0.1304966883652316,0.37710999894693736
4.0,35.0,0.2367354478873675,0.3771057538657814
4.0,75.0,0.1304966883652316,0.37701743714251934
1.0,80.0,0.25891806232171916,0.37701715913876055
3.0,78.0,0.25891806232171916,0.3769872240643376
1.0,84.0,0.25891806232171916,0.3769127604421722
1.0,82.0,0.25891806232171916,0.37689816629074
1.0,75.0,0.25891806232171916,0.3768738739521348
0.0,72.0,0.15968542357927834,0.37685860105864866
1.0,68.0,0.25891806232171916,0.3768585732517859
1.0,96.0,0.25891806232171916,0.3767447078205593
1.0,123.0,0.15968542357927834,0.3766215538847118
1.0,49.0,0.25891806232171916,0.3765922053673697
3.0,31.0,0.3573950720429822,0.37655877455877457
3.0,78.0,0.25891806232171916,0.3765365112863834
1.0,88.0,0.22397928771922776,0.3765163327900169
1.0,84.0,0.25891806232171916,0.3764965976258665
0.0,80.0,0.11309953817463136,0.37640062200243196
1.0,90.0,0.25891806232171916,0.3763511788521076
1.0,36.0,0.15968542357927834,0.376272114038634
1.0,55.0,0.25891806232171916,0.3761872941016298
0.0,90.0,0.25891806232171916,0.37613626870866695
0.0,34.0,0.25891806232171916,0.375990469386135
1.0,65.0,0.4175479919585971,0.3759732099054671
1.0,96.0,0.25891806232171916,0.3759208335524125
1.0,39.0,0.25891806232171916,0.375858485209459
3.0,45.0,0.22397928771922776,0.3758542343528769
2.0,34.0,0.25891806232171916,0.3758207100528502
1.0,77.0,0.12316073143079964,0.37580019900232575
3.0,48.0,0.3573950720429822,0.3757877355429464
1.0,43.0,0.25891806232171916,0.37576762129601005
7.0,72.0,0.1304966883652316,0.3757417909871186
0.0,80.0,0.25891806232171916,0.37571466148098676
1.0,75.0,0.11309953817463136,0.37568334472545
3.0,95.0,0.1304966883652316,0.3755680441602639
2.0,34.0,0.25891806232171916,0.37541117197216267
1.0,61.0,0.22397928771922776,0.3753956520259926
1.0,90.0,0.25891806232171916,0.3753901722711678
3.0,39.0,0.25891806232171916,0.3752991526491946
3.0,75.0,0.11309953817463136,0.37521940673705384
1.0,84.0,0.25891806232171916,0.375128797438162
1.0,90.0,0.25891806232171916,0.3749713011446757
1.0,77.0,0.25891806232171916,0.3749462591520742
1.0,96.0,0.22397928771922776,0.374927063146163
4.0,34.0,0.25891806232171916,0.3747530795314077
1.0,77.0,0.25891806232171916,0.37463629703629703
1.0,60.0,0.3117907219874658,0.3746077483285152
2.0,41.0,0.25891806232171916,0.37457429255404967
1.0,87.0,0.22397928771922776,0.374573486369152
1.0,95.0,0.11309953817463136,0.3745487301641665
2.0,15.0,0.25891806232171916,0.3745420907266109
1.0,55.0,0.25891806232171916,0.37435949148890324
1.0,65.0,0.25891806232171916,0.3743324265372372
1.0,108.0,0.22397928771922776,0.37428011709652576
0.0,65.0,0.1304966883652316,0.3742799800818376
1.0,34.0,0.25891806232171916,0.3742064210299504
1.0,47.0,0.11309953817463136,0.3741336420717225
1.0,75.0,0.11309953817463136,0.3739642055967371
1.0,77.0,0.34089661776708285,0.37393466262244546
1.0,77.0,0.25891806232171916,0.373806699492458
1.0,69.0,0.25891806232171916,0.3737479131172868
1.0,94.0,0.22397928771922776,0.3737111885695969
2.0,36.0,0.15968542357927834,0.37369559397922264
1.0,69.0,0.1304966883652316,0.37367620975515714
1.0,90.0,0.12316073143079964,0.37361707843912717
1.0,96.0,0.25891806232171916,0.3735737039018773
2.0,39.0,0.22397928771922776,0.37355955272797375
1.0,81.0,0.15968542357927834,0.3735380328306025
2.0,96.0,0.25891806232171916,0.3734660536626719
2.0,80.0,0.25891806232171916,0.37329767332621017
3.0,77.0,0.25891806232171916,0.3732796924437792
1.0,90.0,0.12316073143079964,0.37313990859501694
5.0,52.0,0.22397928771922776,0.3731344383488227
1.0,34.0,0.25891806232171916,0.3731120735369086
1.0,69.0,0.12316073143079964,0.3730040119838881
2.0,90.0,0.014485933029906417,0.37295790154118325
0.0,65.0,0.1304966883652316,0.3727950014897384
3.0,48.0,0.3573950720429822,0.372735935505245
8.0,85.0,0.1869519485002175,0.37273300921300917
1.0,108.0,0.25891806232171916,0.3726724195361055
3.0,34.0,0.25891806232171916,0.3726120493018136
3.0,78.0,0.25891806232171916,0.37259141464614814
2.0,90.0,0.014485933029906417,0.37255146940329126
1.0,65.0,0.25891806232171916,0.37254383295516896
1.0,36.0,0.34089661776708285,0.37227722647006223
1.0,84.0,0.25891806232171916,0.3722329465168474
1.0,85.0,0.22397928771922776,0.37222444236190366
0.0,40.0,0.11309953817463136,0.3721756946184191
1.0,37.0,0.25891806232171916,0.37216774213059034
3.0,35.0,0.15968542357927834,0.3721428206494889
1.0,90.0,0.25891806232171916,0.37214187587438363
1.0,34.0,0.25891806232171916,0.3721278373800113
2.0,72.0,0.25891806232171916,0.3720894857464517
4.0,90.0,0.25891806232171916,0.37206545309893724
1.0,81.0,0.25891806232171916,0.37206120892072825
1.0,99.0,0.1304966883652316,0.3720026461326771
1.0,84.0,0.22397928771922776,0.3719584956302084
1.0,45.0,0.1304966883652316,0.37189082290258757
1.0,37.0,0.22397928771922776,0.37186624822347614
2.0,51.0,0.15968542357927834,0.37181511958973257
2.0,85.0,0.3573950720429822,0.37173961724549964
3.0,39.0,0.15968542357927834,0.37173319033907265
1.0,117.0,0.25891806232171916,0.3716085666655326
1.0,66.0,0.1304966883652316,0.37157289397012117
1.0,83.0,0.15968542357927834,0.3715301602422345
4.0,35.0,0.25891806232171916,0.3715168690958165
3.0,84.0,0.25891806232171916,0.37147777314443087
1.0,49.0,0.15968542357927834,0.3714230387431626
2.0,89.0,0.12316073143079964,0.371338066072479
1.0,76.0,0.25891806232171916,0.37132404767575045
2.0,90.0,0.25891806232171916,0.3712288665298895
1.0,96.0,0.25891806232171916,0.37118921034027735
1.0,76.0,0.25891806232171916,0.37112440985227363
1.0,25.0,0.2918852697220379,0.3710651616073611
1.0,77.0,0.25891806232171916,0.37092810966123657
2.0,87.0,0.25891806232171916,0.37092357645001134
1.0,68.0,0.34089661776708285,0.3709161652588897
1.0,56.0,0.25891806232171916,0.37090431189038003
2.0,90.0,0.34089661776708285,0.3707401899838671
1.0,49.0,0.25891806232171916,0.3707058828265855
1.0,66.0,0.25891806232171916,0.3706997796351783
2.0,90.0,0.25891806232171916,0.3706921997057744
1.0,82.0,0.25891806232171916,0.3706688206873966
1.0,83.0,0.22397928771922776,0.37062893061530827
1.0,53.0,0.15968542357927834,0.3706231477500827
4.0,83.0,0.25891806232171916,0.3705106694210767
1.0,49.0,0.15968542357927834,0.37037513590571564
2.0,70.0,0.12316073143079964,0.37021418738080947
1.0,90.0,0.25891806232171916,0.37018286719234567
1.0,65.0,0.25891806232171916,0.3701379972730294
1.0,77.0,0.25891806232171916,0.3700705783625516
1.0,39.0,0.25891806232171916,0.370009613011423
3.0,82.0,0.3573950720429822,0.37000230215129004
3.0,64.0,0.25891806232171916,0.3699288113331457
1.0,84.0,0.25891806232171916,0.36983118731973225
2.0,55.0,0.15968542357927834,0.3697854143131352
1.0,61.0,0.22397928771922776,0.3697089399447104
1.0,86.0,0.15968542357927834,0.3696748022919782
1.0,64.0,0.11309953817463136,0.36950822947262574
3.0,75.0,0.34089661776708285,0.36949407827470104
6.0,90.0,0.25891806232171916,0.3694099885294062
1.0,49.0,0.25891806232171916,0.3694043779247399
1.0,34.0,0.25891806232171916,0.3693356527889035
4.0,48.0,0.014485933029906417,0.3691575612448201
3.0,78.0,0.25891806232171916,0.36907198906706834
4.0,93.0,0.25891806232171916,0.36893828604652407
1.0,49.0,0.25891806232171916,0.36891818522035236
1.0,76.0,0.15968542357927834,0.3688738715043788
1.0,83.0,0.25891806232171916,0.36853186813186817
1.0,66.0,0.25891806232171916,0.36846698352056767
2.0,49.0,0.25891806232171916,0.36843853738625787
1.0,36.0,0.34089661776708285,0.3683945241063934
1.0,34.0,0.25891806232171916,0.3683826060330839
1.0,89.0,0.12316073143079964,0.3683573676779678
2.0,85.0,0.34089661776708285,0.36825079114591525
2.0,43.0,0.25891806232171916,0.3679252043509951
1.0,76.0,0.25891806232171916,0.36783093967398717
1.0,82.0,0.25891806232171916,0.36765383466535706
2.0,96.0,0.25891806232171916,0.3676483933051439
3.0,53.0,0.25891806232171916,0.3674772893772894
3.0,70.0,0.17298116180354806,0.367365087647131
3.0,83.0,0.25891806232171916,0.36726420145967653
3.0,49.0,0.25891806232171916,0.3671528436475805
1.0,83.0,0.22397928771922776,0.3671357416225532
2.0,36.0,0.15968542357927834,0.3671107133267886
2.0,34.0,0.25891806232171916,0.366989439563891
3.0,96.0,0.25891806232171916,0.36684605453026503
2.0,75.0,0.25891806232171916,0.3667223158334614
5.0,94.0,0.25891806232171916,0.3665858788009652
4.0,96.0,0.22397928771922776,0.3665667978577481
1.0,34.0,0.25891806232171916,0.3665505880111263
2.0,83.0,0.25891806232171916,0.366528702369211
1.0,53.0,0.15968542357927834,0.3664334046916805
1.0,90.0,0.25891806232171916,0.3664209699933485
2.0,49.0,0.25891806232171916,0.3663840202512971
1.0,89.0,0.12316073143079964,0.36636375002033905
2.0,49.0,0.25891806232171916,0.3660816705878863
2.0,69.0,0.15968542357927834,0.36602262443438915
1.0,66.0,0.1304966883652316,0.3659806560140926
3.0,82.0,0.25891806232171916,0.3658967249317084
1.0,68.0,0.22397928771922776,0.3656584258878377
1.0,99.0,0.1304966883652316,0.36552668968458446
1.0,87.0,0.25891806232171916,0.36545411492532237
2.0,100.0,0.25891806232171916,0.36522579151005585
1.0,34.0,0.25891806232171916,0.36499164822106
0.0,55.0,0.22397928771922776,0.36431560854799727
3.0,45.0,0.3573950720429822,0.363627583665045
0.0,90.0,0.014485933029906417,0.3625832621100915
1.0,58.0,0.25891806232171916,0.3616522015837091
3.0,49.0,0.15968542357927834,0.3614926807970152
7.0,55.0,0.23204372201091866,0.3614879235380514
1.0,81.0,0.25891806232171916,0.3612500376816167
3.0,65.0,0.4175479919585971,0.36091841795317015
3.0,90.0,0.25891806232171916,0.3606752538562493
1.0,90.0,0.25891806232171916,0.360623807564984
2.0,96.0,0.25891806232171916,0.360591756070017
3.0,30.0,0.11309953817463136,0.360160348606133
2.0,70.0,0.15968542357927834,0.3597701054273944
4.0,48.0,0.014485933029906417,0.35899726400455145
6.0,60.0,0.3641607592878022,0.3588663341743433
2.0,85.0,0.3573950720429822,0.35852756892230575
3.0,80.0,0.11309953817463136,0.3579871802405739
1.0,65.0,0.1304966883652316,0.35793176703012997
1.0,85.0,0.3398756843981485,0.356874776685303
3.0,65.0,0.34089661776708285,0.3554740401968023
3.0,30.0,0.11309953817463136,0.35523273551951706
3.0,75.0,0.34089661776708285,0.3550626059466073
6.0,45.0,0.014485933029906417,0.35491180202401923
5.0,80.0,0.1869519485002175,0.3547077312287031
1.0,85.0,0.3117907219874658,0.35394947026459295
0.0,80.0,0.12316073143079964,0.3535538708704701
0.0,15.0,0.13278567718407863,0.3534329928218131
4.0,90.0,0.1869519485002175,0.3526993505290719
3.0,30.0,0.25891806232171916,0.35261631302844115
